+972503421555
+972544862251
+972547906208
+972525200252
+972545764319
+972555646181
+972526629292
+972522216726
+972526203003
+972528806393
+972544970611
+972527777200
+972549098238
+972507124676
+972523666552
+972546987256
+972504819898
+972545897755
+972525417140
+972515647505
+972542225441
+972508845814
+972549391963
+972587697070
+972528611964
+972543052899
+972545977190
+972525151652
+972528120565
+972548223956
+972533014352
+972533353376
+972525532298
+972542870218
+972544813954
+972503003970
+972509404090
+972536718413
+972504457565
+972528136388
+972524407257
+972525918832
+972503895938
+972505385760
+972569866900
+972535296908
+972509955587
+972502371014
+972585777452
+972506764250
+972503539662
+972507147435
+972525508975
+972542826690
+972549619975
+972557219504
+972509946866
+972566810108
+972508111691
+972524126154
+972534559414
+972528261856
+972559700144
+972546248778
+972523538188
+972539987079
+972542113001
+972524277424
+972522863342
+972544850931
+972542457890
+972545608408
+972586613010
+972559837010
+972533555365
+972523182073
+972527444597
+972529592899
+972523995631
+972522344259
+972529335300
+972503077158
+972543419653
+972528333078
+972559935718
+972534645230
+972525197395
+972526458454
+972502176301
+972552844930
+972552986343
+972502703332
+972538243509
+972506100100
+972534654455
+972552480886
+972528104892
